180
180
180
120
180
60
180
180
180
180 flip
180
180
240
180
300
180
180 flip
135
135
270
180
120
180
60
180
180
180
180 flip
180
180
240
180
120
180
180
180
180
180
240
180
300
180
180
180
180 flip
180
180
120
180
60
180
180 flip
225
225
90
180
240
180
300
180
180
240
300
240
300
180
180
180 flip
120
240
180
180
180
135
135
225
45
180 flip
225
225
135
315
180 flip
135
135
225
45
180
180
180
300
240
180
180
180
180
180
180
180
180
180
180
180
270
270
270
270
180
180
180
180
120
180
240
180
180
120
180
180
180
180
240
180
180
180
135
135
135
270
225
180
120
180
180
60
300
180
180
180
60
120
60
120
180
180
180
180
240
180
180
180
180
180
180
180
180
135
135
135
135
300
240
180
180
135
135
135
135
300
240
180
300
60
300
60
180
120
180
240
300
60
300
60
180
120
180
240
300
180
180
240
135
135
135
135
300
180
180
240
135
135
135
135
300
60
300
60
300
60
180
180
135
135
135
135
135
135
135
135
180
180
180 slow
180
135
135
270
180
180
135
225
135
225
135
225
180
135
180
225
180
180 fast
180
180
300
60
300
60
180
135
135
270
180
180
180
180
180
180
180
120
180
240
180
180
180
180
180
120
180
240
180
180
180
180
180
120
180
240
180
120
180
240
180
120
180
180